      19
 0.00000  0.00000  0.00000
 0.73750 -0.73750 -0.73750
 1.00000 -1.00000 -1.00000
 1.00000 -1.00000 -1.00000
 1.00000 -1.00000 -1.00000
 1.00000 -1.00000 -1.00000
 0.88893 -1.00000 -1.00000
 0.47859 -0.84140 -1.00000
 0.00235 -0.40224 -1.00000
-0.51119  0.06369 -0.97268
-1.00000  0.52715 -0.64327
-1.00000  0.95628 -0.32235
-1.00000  1.00000 -0.02491
-1.00000  1.00000  0.23834
-1.00000  1.00000  0.45826
-1.00000  1.00000  0.62724
-1.00000  1.00000  0.73939
-0.73750  0.73750  0.73750
 0.00000  0.00000  0.00000
